7495
3953
9606
7616
4873
8811
8135
446
2087
73
6459
5840
5230
8633
4980
236
8817
7265
7612
2794
5809
6388
8976
7740
8854
5968
3749
7071
949
8877
544
3287
8235
7449
4418
4151
9361
528
8552
208
2646
3483
6022
1459
6819
6858
2488
2651
1135
2939
6865
7940
7754
650
5757
2980
5515
5199
3829
3235
7678
2402
204
2746
2986
5093
6250
3730
3009
5031
7257
1677
197
2731
9315
8185
7090
8256
4489
5953
5428
2489
8522
4844
4882
7345
4231
3410
7398
682
6207
1787
252
2100
7119
7130
5491
3105
9351
5233
4177
5708
9859
3317
6028
6633
7658
6269
1614
4889
4244
334
3609
5576
8097
2432
469
2897
3804
2177
3671
793
3756
8333
5353
9796
7253
9135
4150
6964
3275
4691
481
3415
8477
8448
9758
7834
2130
861
4887
6590
8746
4400
5486
4042
7725
2550
3439
8650
8921
1450
1005
3160
6805
4959
7039
3374
7653
6833
2089
3356
3149
4899
6944
8461
683
9463
4101
6756
9104
1229
5315
2990
9234
3432
5904
5250
3284
6054
118
4300
441
3529
5069
5132
7061
2223
613
8173
9542
1734
768
5501
1562
1822
2743
546
5929
8544
6473
7728
4777
7156
1929
5589
2623
4614
2108
8132
9941
9175
8580
3722
7054
9572
9882
3046
8082
2073
2236
9793
8886
8454
8861
743
4025
5312
1124
8436
4749
6694
1276
6127
5243
5374
8478
5552
6146
8408
4746
8824
8664
6873
7287
1837
5847
6160
6677
1169
1417
5742
3563
7800
5754
7228
4580
9452
2220
3068
7108
2189
7342
9455
3928
5615
9583
7539
563
1736
2276
7901
5713
4985
1637
8274
4907
2072
3398
5597
8539
8286
7236
9781
8590
7681
8131
2800
8236
8764
5800
159
8845
729
1726
3514
5083
6059
7017
5107
9227
1024
860
9120
5130
7565
4814
811
8592
2175
242
4572
8005
557
3880
7244
309
6445
1119
5383
8422
9343
7076
8827
66
2909
8574
4734
1307
5207
3610
5376
4687
4448
830
2733
5982
7724
337
2173
3221
8289
6925
9745
9183
5050
4922
422
3785
8775
8714
872
2156
1359
6265
8646
4069
1405
132
5116
6841
2429
4583
6083
7531
5892
7581
8907
4135
8748
4039
950
2772
146
9777
9028
4616
8133
7527
7948
1620
7182
8146
2118
8560
5232
7208
2965
2326
8887
4212
3132
8736
2624
5467
8607
9564
1626
5423
4281
7779
7317
1199
735
2617
2198
802
6657
7163
3855
5566
3113
4346
350
4485
5949
8577
9186
8948
623
5895
5285
5135
7136
185
2822
2506
2204
3740
9094
1911
6249
660
6528
3863
1878
1663
6111
6172
7863
8585
1917
7008
3126
9665
9214
29
2702
6776
4783
6866
8023
6905
3370
5797
2107
1207
7363
2967
2004
5211
6780
9619
5227
9773
5774
4961
9181
4355
9728
485
9855
7485
4155
265
5456
6736
1882
2234
2587
4370
4252
9841
4067
7621
4515
457
1989
4890
7403
5178
8986
7102
9854
1293
1
790
7756
6128
2291
4507
2994
232
4458
2350
3748
2344
8390
5567
991
9861
6061
2591
9311
3405
1963
6159
1802
5802
1630
9052
416
761
7478
3619
534
2995
1525
9493
520
2271
1779
5932
2755
6327
9317
8265
1754
4397
4946
3762
1656
2441
9195
1180
2237
4156
2946
8159
1657
2019
1018
901
9993
7510
3173
120
9905
4064
3866
9543
3967
7801
821
4159
9247
8062
6584
9347
8012
7910
3326
2599
4776
582
1310
1811
7218
565
9507
6023
7453
8666
5468
3665
1784
7026
9110
456
3372
2128
9115
9340
9672
1329
7973
8211
7439
1569
9079
9217
8816
9867
5261
2539
2922
9887
5938
5699
4204
9091
6365
8160
1556
5388
2910
6814
6186
2540
5569
5558
8438
8296
1159
2661
9381
6318
7647
5903
5869
5712
9212
1324
5939
1433
8953
8856
4392
376
1725
192
2101
1230
255
6641
7103
1084
6306
2425
542
6740
8519
3162
8848
5064
8739
7524
3072
1426
4482
9916
294
6245
9637
6606
397
6034
3144
1580
8476
8194
4710
6182
138
324
7508
8513
8183
820
5718
8058
9197
8239
1043
9093
2632
1866
7142
6339
2773
5794
739
281
1146
567
1120
4070
8991
5980
7939
9880
7187
3062
591
189
3131
5662
8182
1281
3606
6255
6621
4076
6466
4945
3465
2050
8637
6605
2507
5709
4058
8687
6471
3739
5898
5786
4743
7486
1262
55
3719
9165
2319
8800
6849
5646
1100
4517
2742
8930
4046
6969
7859
1212
8624
7624
2920
444
3744
3259
9990
7134
9881
6572
6402
211
4715
7047
7148
4207
3501
212
2062
7903
9805
1913
6739
288
1115
9262
4173
7820
2117
947
614
8339
6623
6591
4258
9449
9737
5418
1090
1401
9607
8905
4296
938
246
1606
4904
9457
8742
4433
3678
4297
4357
1064
1330
2472
8639
550
1838
9281
898
7477
5587
4415
1861
3153
890
4599
4380
7303
7328
6954
7097
3553
6848
9482
7718
7882
5404
5979
2133
1201
1189
8483
4413
4766
3111
9980
6208
1674
4741
8480
7168
8326
5942
9566
732
8642
9895
8658
8342
6289
3521
6349
5676
7582
7796
3108
9327
3159
6243
6256
374
6875
4088
2267
3824
7319
3696
464
7657
2016
2114
9395
3664
3049
8989
3184
5621
2082
7178
264
696
8606
4634
7591
3197
2740
4189
8891
9121
4028
233
493
7739
1216
8260
9470
6261
3427
110
9297
2940
4810
4716
1858
7321
6696
7501
4031
7640
2333
2835
5810
3017
9304
1323
1246
1497
7010
4087
3324
2474
727
9557
2361
5562
688
8219
6561
6612
6938
8762
7081
3660
656
2403
2938
6156
9696
4351
9958
809
296
6232
31
7985
8015
104
6301
3005
5711
6643
2363
5444
1063
4782
8674
1048
7974
354
9344
193
4781
8632
2694
9213
2713
8386
667
6794
3530
5748
5036
7931
3039
488
5350
8703
6571
8684
1238
9989
7456
6226
2657
3043
6267
8919
8316
1536
6699
6607
222
2362
413
5092
6315
8282
6444
5595
4395
1214
7392
9471
3771
6185
5992
2485
384
424
5442
3178
1586
5919
4187
2020
4530
6916
2757
7344
4203
9283
5389
1154
2006
9068
1242
7880
5563
4367
8106
2222
6928
7256
6462
6806
7787
7172
8538
9098
5398
5269
4139
8998
8915
8053
6049
3879
6719
7871
6279
4549
6191
9682
3119
8208
9761
3355
8150
869
347
1240
9249
4635
4779
8024
8027
2167
792
9003
4967
7025
3411
1533
2283
3892
2809
23
9547
824
7683
463
5764
42
7069
8825
4096
5710
8814
6637
6624
2292
1691
8686
9621
2416
8113
4185
6915
8154
3525
7507
9721
8091
5065
453
5223
1447
6575
3923
491
3201
8619
3219
9049
4329
851
2542
3602
9260
6860
9755
5870
8826
7913
2310
4972
8929
7462
5265
3416
5195
14
2839
4667
5359
3535
9375
8076
5555
8382
3042
6099
8144
5683
3790
2860
4539
3896
2806
5149
8413
7979
352
6673
8465
1087
7921
5876
6509
5545
5164
2866
1538
1185
6635
2190
5452
3504
3594
7532
1019
3729
8253
4879
1102
6810
6818
5327
2152
393
9114
247
5705
4127
7576
9182
3773
6194
3103
5321
3400
1739
6486
6102
1449
832
2499
3862
8016
649
2003
1483
7712
5173
1846
4981
3617
1204
2945
2759
8104
6730
3122
8089
6544
5020
8970
6838
9348
9038
2848
6967
6704
1031
4604
245
7873
5523
6389
6493
8503
3809
1066
7067
2497
7384
1175
1717
8406
7559
9662
1470
1646
6962
4378
1884
2843
1288
2865
4911
6904
4152
8327
8175
3971
5647
2401
6324
80
7379
1809
1931
867
7722
3618
7907
2110
7096
8358
8120
5872
7109
3680
9481
7698
8707
8105
1969
6869
3783
7018
5524
3765
5819
4694
8226
5446
750
1277
6331
1335
9316
3889
9552
706
6936
5344
9633
6132
4179
8889
5627
8349
771
8000
3977
2470
9422
5168
3685
1243
5091
3677
9273
1362
8993
6949
6768
8788
4643
89
8988
5370
3202
7027
4939
1762
8937
9827
2195
2228
7338
8949
9436
38
5743
9535
2456
1983
7795
3454
5054
3897
5516
4859
9149
3106
4561
9385
3436
9256
4368
3982
7012
8601
2957
237
6053
594
776
3048
1083
343
8615
2861
7341
8187
5599
8516
3064
8363
9649
6886
5257
3780
6812
3453
9161
1835
5210
3666
1587
7850
8909
4774
7004
9814
3850
5448
5375
2525
2880
1796
378
3475
5796
2169
6757
4254
5133
44
5687
6773
1829
4389
799
3363
7845
7654
9458
6506
9423
2887
3942
6580
1530
913
870
6631
6423
6442
4015
6410
7665
3150
514
6152
2001
6957
8963
9648
2031
1358
5060
8295
5513
8203
6197
1198
5965
4950
6977
4265
3231
578
5443
829
6626
9942
6266
6031
3385
90
8977
8489
8767
651
2664
1652
9967
3646
9677
5644
5532
3161
155
5608
6080
9059
5062
6455
4461
3761
4764
781
666
9124
7753
9309
9901
9087
1546
7840
7536
3244
8400
2976
4248
4973
3335
9250
8162
530
1252
3656
6263
5196
3166
206
3990
6199
7441
7036
9664
8266
5244
5572
9932
2106
8690
1227
3540
1286
9818
4612
5760
9291
4891
2054
4194
5778
3199
9830
88
5795
8391
8501
5206
435
6583
8172
8420
7778
4738
3917
386
5969
6690
8262
9939
6268
4425
3632
3446
1951
2788
7534
1101
5900
9002
1370
2964
1514
7365
2771
1732
7084
4386
4214
134
7611
1250
1141
4797
6167
4835
7297
3441
7272
2139
6071
4603
6438
2029
4082
5378
9692
2168
1925
3555
2383
3627
2790
4644
9601
7114
5733
7661
8307
1388
9289
1775
2918
4243
1444
2830
400
4356
1140
298
8433
5543
1598
1923
5918
5620
8196
7606
420
8245
3924
9834
1418
9434
3502
8935
1091
2357
7450
8244
7877
8972
4035
1499
2397
7902
4503
7094
9962
9410
2442
7808
6275
9612
3962
507
5744
8808
665
94
5531
9001
7443
9815
2215
7367
8830
4341
5475
9371
9144
6890
1097
9066
3974
769
6664
2523
4090
2270
9536
5642
3364
8941
223
4726
1708
3992
1106
7766
5540
906
1300
6797
9324
8758
4802
8484
3448
360
5944
128
3100
306
5927
4056
5030
2376
685
8663
6729
8001
9199
1766
7764
4837
7268
7982
2728
4617
1217
8300
9947
9798
5249
7602
9089
3073
9378
7634
9248
249
889
5283
6103
6089
9225
1197
6259
3022
6775
6700
4514
8376
8022
1428
7852
7730
6157
981
5225
7590
4320
7802
6362
1528
7267
9448
6706
2266
7469
4602
2308
3165
7906
8157
5694
9082
742
7513
4496
2144
8284
4130
1585
5194
5619
1900
1225
4792
7153
7105
3190
6144
6304
6047
9498
5433
3562
3914
9910
1477
5815
5239
4493
2471
8050
1803
2537
2916
4563
7578
6258
4273
2293
7746
7383
2240
1669
3243
5519
6436
3379
8815
7827
4008
6723
8842
3386
9174
406
5669
5387
1927
936
9023
4756
9653
9852
5762
4692
6178
2611
4537
1984
8158
1876
9484
4217
5270
1042
636
448
9774
1934
6277
8795
6084
8425
7088
3798
9145
217
9065
340
6985
1389
622
3527
3297
7564
8754
8997
9279
540
8161
1328
8942
248
226
6171
6642
4206
7327
8362
9890
9069
9843
5260
5086
166
9310
1636
4606
7391
2392
5885
7864
8555
4846
7482
8702
319
1781
7884
4115
3307
6903
515
9885
3943
6094
3732
8257
316
7807
3213
7467
198
4707
3782
8672
5480
7282
490
5861
2712
6375
2476
5010
4735
5911
5150
7573
5966
4444
1203
5657
174
2691
7489
8350
5450
3907
8761
3560
3127
3747
2203
7783
7553
4239
1945
6811
2663
6844
1044
4299
5224
7460
7461
4552
5839
3393
5533
1789
9261
9039
8434
873
4762
5879
8453
6562
8679
473
1271
9943
6709
2707
22
2641
287
5528
9274
9816
7786
1318
1639
6048
6382
277
3146
909
2526
8125
8493
6433
5066
8475
8593
3169
5745
3271
5767
9725
859
8968
4991
3359
718
2973
4048
6546
3409
7113
8331
1558
8451
5605
9433
5790
5600
8092
8787
3814
863
2756
1893
2941
1086
8874
6201
4327
6899
8030
5096
9312
1555
8967
6342
1192
6369
6972
9700
2394
8647
4055
1343
8340
572
3557
3936
2059
5253
8880
6872
4903
9539
5354
6927
9365
808
6131
4047
8635
9160
780
5883
7275
548
1627
3738
3361
3543
7860
4113
9166
5336
3417
2002
2781
4213
18
2451
5867
3533
4965
6121
3721
4969
5728
3091
4739
5482
856
466
5419
7312
5901
445
4240
3841
7500
3688
5755
3228
6728
6510
285
9041
9955
3515
9647
1253
6449
8910
358
6270
8472
8375
8567
1930
1255
6164
8361
7488
7490
7727
2035
274
6948
964
2268
1609
9863
838
4201
3639
2917
8708
2588
4664
5663
6526
6215
1612
4181
4717
1845
5998
7714
7370
5822
6113
315
1508
8455
1235
7885
1273
1733
2418
3044
4262
1823
240
3509
1840
2832
3614
9128
474
7337
2589
7504
982
6721
7983
5977
5425
9054
60
3864
9875
1719
4562
9233
7101
6430
4462
4014
2692
7393
9974
6715
459
5176
5076
7006
7118
5016
2166
2196
1668
6024
3382
4915
2024
3006
8457
2280
3174
1543
4992
5411
6761
6552
3694
9004
753
8409
8779
1202
363
4579
2726
9031
4718
5238
1283
4860
3886
6504
3930
6483
2971
5154
1780
5722
8709
4335
6910
4406
6856
6557
9032
7375
1195
6446
9366
1142
9531
9636
5022
2676
5680
7523
9377
6454
7252
4092
3455
3238
3808
5070
501
3211
4908
6799
3686
1205
9442
4623
7138
3585
121
293
7707
794
8343
8904
3223
4905
6221
6653
4545
619
3970
9096
3620
9243
3692
7110
6075
3582
659
4615
320
1460
9806
6393
8209
9870
9567
5487
7457
9515
5273
9432
1860
5190
4066
5695
4114
5324
7966
5976
3460
8916
333
6592
1492
9268
4747
7259
3890
1862
1356
2584
5588
3205
9000
6625
148
7610
564
2161
1410
4183
4913
2863
5141
9645
1221
6864
9576
6011
9909
2068
1680
3468
3691
7655
3561
569
1873
8694
7263
5013
6231
6968
6598
4708
7451
3351
4983
2878
454
2372
1941
8014
292
7752
1912
8944
9382
6893
4094
3799
8527
1563
1999
9785
9526
9749
5527
9505
1375
2574
5437
2027
6679
8367
5945
9690
2764
7464
744
1522
8099
8675
9739
8813
9040
2227
2328
276
3442
228
2610
4795
6895
1679
9404
5948
9026
7519
9520
2479
2232
2015
1384
4393
657
5801
4815
8535
9767
1093
4027
2896
9125
9817
9472
7694
3714
9354
2053
8776
8283
4613
5704
135
4803
1915
98
952
5459
5328
4075
2431
4511
7605
3828
9985
4544
9224
6091
6551
5852
9188
3128
162
1697
6175
3810
6959
6158
4492
5023
7433
9492
810
1332
7757
1842
114
6981
979
888
7260
9643
3612
8494
8254
4531
1615
2590
3752
3282
3322
965
1991
3365
8734
9502
7833
9948
7547
5922
5812
4215
7401
1689
1919
1186
3702
1423
7972
7246
2639
9868
3050
2544
6236
7494
4618
512
1602
4238
2466
2581
5779
5188
5131
8669
966
525
1174
1321
7822
6142
6032
2115
348
8627
126
6163
6742
3608
3955
4074
2307
2244
4516
1213
1909
1895
6029
8913
1908
2309
6845
5185
9832
6435
4365
2235
5925
9545
2597
123
1701
5235
581
3378
4996
6347
2528
2124
6953
9924
1350
7472
9514
8525
521
9157
6861
4108
2149
7197
3255
4657
3152
5622
6512
8151
9413
9634
6359
4559
6558
8660
7924
4347
6800
8882
8036
4665
5765
4123
1920
2230
6734
5909
4302
842
4361
8594
1456
3172
2104
3947
6002
3310
5277
4659
674
6638
8373
1916
3870
2096
8197
4728
2205
5549
1108
5761
3695
290
8056
3733
3147
178
6380
9738
4843
6747
9568
266
405
8570
7147
4223
4872
8181
5187
3469
4176
5737
9293
2435
427
2440
9710
7557
3343
2723
1028
3812
9443
9042
8502
720
8790
202
2211
7216
8844
4540
1716
929
6853
7516
2640
9524
6648
5088
3845
8379
5464
3183
51
1404
1666
5280
1616
5538
2042
3597
629
9563
1137
184
9903
3642
5827
712
5937
5844
4396
3185
5386
5032
9701
1164
2699
188
451
6096
4732
5479
1621
7747
8576
7669
6656
1379
3008
2142
6209
3500
2768
6880
3487
2519
6219
2039
2948
6951
8474
4654
4084
8090
866
8661
3611
686
9467
8893
5798
4876
8587
3547
3623
1584
1133
2882
2306
3693
1103
8597
8191
1162
8693
2387
1956
2134
3418
8259
7597
421
9153
1029
9544
9043
5145
1471
7975
7872
5042
1117
3312
4897
2508
2883
8881
6825
263
1526
2094
7033
2799
3425
919
845
152
4456
1603
652
6997
1831
2856
5511
8268
4414
6253
5756
6168
617
6312
1149
9973
6563
5329
9933
1070
8311
9618
3373
5783
1610
9809
8098
4110
2785
9015
0
5594
5167
6854
8346
6918
3260
4632
605
1903
2296
3544
1974
6901
1475
499
7414
1360
4971
7194
8782
227
3071
4142
2902
3366
1176
8288
4174
8718
7949
1694
4574
4030
556
4850
1896
1545
1851
9959
1354
893
5181
4026
8753
7688
3895
6090
2025
6015
2121
4435
9820
2135
1409
1076
7900
6599
187
9155
8540
2249
5356
3234
2482
562
1667
1056
8757
7668
2172
6036
15
2453
9574
7446
2109
3878
7649
7038
4601
6081
9553
4541
8491
9977
5537
7035
9598
1534
6737
690
7968
8171
4054
272
5658
9688
5665
3180
2972
9379
426
7334
6484
72
6634
2739
7984
3792
2846
1504
9978
2287
8789
4470
3318
778
6183
1771
1462
5289
6173
1982
5673
6975
5413
1712
9162
6396
8992
7046
3254
2123
773
8987
2141
9897
8821
251
8643
7710
2569
2674
1622
6264
4975
8999
142
3089
1769
2921
2498
9367
6406
353
8562
9922
626
9733
7934
81
7189
17
1949
1768
5040
57
5299
8080
9869
5421
1493
5857
6568
2295
5322
3390
978
4454
3705
3266
4348
7159
1130
5004
1339
6149
9226
2231
9858
4310
3663
74
7609
8026
4290
5205
8958
8705
8332
8168
4237
5017
4867
3187
282
3272
9113
1902
4071
7123
3060
7715
9418
7048
6027
4668
1939
7310
2552
5068
2720
9420
8019
4892
4140
5296
7241
3157
812
3224
9614
3251
3123
9740
6888
3545
1088
4646
1037
2157
2952
6285
2886
9742
1372
6567
7020
6712
8251
8145
6472
9346
2058
1676
7243
3902
5739
3675
2711
1960
4010
7935
1034
5166
6970
5063
6900
7981
3679
3931
972
4509
4331
10
1496
7132
4628
6239
3032
119
5960
3289
314
1367
3759
4230
1258
1341
2753
1865
4018
1720
6881
5818
4091
3407
7635
6322
5842
7540
2725
4529
6244
5881
6576
4323
8495
1844
9979
894
2814
3849
2147
586
7568
615
1308
1095
8071
6754
3058
843
8073
9207
9206
8041
2982
6008
899
8654
4727
3628
7897
3278
784
6532
5773
1502
4621
2933
9862
6758
9252
8563
9595
8357
4282
3445
3662
968
1292
2996
2758
1366
4819
7821
7878
9915
9775
1015
2174
5990
4261
7117
7692
8126
4823
2643
5747
8918
289
8156
6685
1532
8572
6479
2885
8696
9963
4376
4898
3592
5241
7945
2545
5085
4363
6934
9257
5477
5997
8308
2043
7574
4218
6701
7579
1357
404
1412
977
1466
5361
4481
7704
5607
2381
4801
2797
4250
4403
4608
3584
9331
5978
6106
2959
4144
2923
4695
1008
3600
4538
8759
8215
2543
1155
9617
627
8638
1099
9784
5877
3303
1421
2987
4219
4264
7684
2912
6995
3745
7927
3218
3130
2609
3827
9538
437
5460
9173
2614
2527
1968
6911
4958
418
6603
2036
7758
7080
229
7125
4820
1635
2956
9172
6151
9981
5865
4745
6683
5035
8247
1735
1454
3137
7284
5568
1566
1256
3435
3913
8287
1361
7161
6109
2091
5084
7266
6932
5127
6615
4162
6494
6140
2404
3839
6755
1607
9949
4916
9750
1400
3825
3107
1112
3241
9659
6813
2022
884
7248
9546
3494
1244
7839
3189
3726
3801
2355
2891
708
5213
4343
5174
631
6082
9251
6293
2857
5248
9178
908
409
3787
587
5639
2966
3684
3192
8323
7530
9723
7866
9048
7646
4901
1962
2654
4550
8894
4527
5746
2619
2991
9770
6135
3941
6628
1287
4268
9154
9559
6326
7207
5995
8805
8926
4169
7980
7588
4165
6325
6114
5156
4288
1305
2583
511
7009
4280
8221
3414
1000
4543
3010
6070
1377
8599
2463
1891
8578
6456
1058
280
8165
6223
6419
2491
9215
9056
1232
9313
6286
3506
391
3818
3779
1746
6415
8565
4196
6770
6762
6098
9627
6087
7058
997
2716
8777
8730
3718
721
4006
1122
4005
8644
6946
1611
3968
6426
2496
6381
7350
9687
1165
713
2942
6507
4631
4679
940
5934
610
4988
4311
2064
9088
7199
310
2516
818
4733
7358
975
2807
7285
9412
886
3919
6670
9864
7286
383
6093
9035
8698
1298
7289
7293
3380
2351
834
6451
6710
7034
2386
8330
755
6999
2780
1299
5991
543
6535
7679
7772
4003
3751
6097
5151
9691
962
4926
4328
3717
4270
1181
7732
3429
4366
3615
3805
2717
6857
7716
6533
8405
4416
5342
4505
509
6330
6139
630
7309
8931
6711
4292
9308
3734
9964
1850
2460
7737
1072
782
9164
4388
5407
9405
1127
1391
7474
2576
1289
9673
2813
4122
7620
9085
9372
529
279
4993
1224
704
9349
2960
364
7315
3237
8463
2630
2688
5406
6193
8060
5001
7918
2185
4422
2243
7652
4838
5380
9030
6674
9876
3755
9778
912
5596
7145
3038
7686
6978
9927
5288
3815
2684
3690
1800
5159
2840
6485
1507
7816
5228
9849
661
5297
2412
7072
8602
5717
510
5973
4938
6718
8517
4713
243
9391
7592
8533
783
8429
4936
8297
1311
1510
9717
7166
4147
5816
5874
8275
738
822
3644
5304
705
2834
458
2988
7785
6672
1550
5025
6110
7970
4753
8418
3959
7818
6695
2233
6987
5436
517
1222
7660
5494
8499
3388
5325
1855
8139
8402
8110
9833
3581
1194
9586
8385
7016
4763
2354
3797
5382
3491
1943
6376
3288
4805
2903
6399
6335
8959
7475
9920
9417
1890
8846
2246
1957
2378
5972
4768
5606
5631
4508
5071
4490
5828
8857
9525
9937
4849
7969
4449
733
11
3655
2433
8081
8396
9314
6017
8220
2398
826
3424
8178
9722
3047
7998
4170
2212
1737
8964
2697
9676
6689
5018
1452
648
7432
9451
7177
3940
7405
3778
9333
7745
7215
9587
5974
181
7594
6390
4407
9865
4178
5862
2262
8957
6120
6464
9609
2904
1429
1414
8506
6596
2761
1143
2558
3253
6922
9459
8488
5215
9871
2419
7551
5317
9296
1548
1880
8169
1935
1832
1519
9187
7580
4377
7224
33
1786
4871
1763
7585
9999
4565
1938
1687
6632
30
505
6155
1901
35
5108
5836
8979
4700
5117
4419
5363
9464
5082
3269
5813
8878
695
3882
4249
714
7120
9970
4894
96
200
6428
9991
722
4912
3209
6411
9550
639
3593
8439
4755
5933
5696
8281
6212
168
5570
1540
4483
3134
1980
1952
5183
3996
8630
7195
4683
971
5784
9430
7598
2602
257
2596
1730
85
9345
7278
117
2155
49
5940
4895
4466
4941
5272
1446
3399
2562
1397
9336
1263
2747
8605
6666
6511
2041
5293
5191
1572
3168
8636
9465
6042
8875
887
5003
1660
3055
5409
7589
6662
4914
6373
7343
2034
7056
3263
9179
4446
2370
7909
5659
2414
4655
7999
538
8507
5926
4208
2793
2751
8662
3559
1774
6703
8240
3268
3528
2819
8737
3452
7912
3865
1714
476
9057
6513
5209
9
6655
6189
4309
9896
7958
1057
5771
5373
1077
3991
3981
3339
1351
2690
3482
5208
3470
3701
6912
2571
2187
8403
3536
6980
7891
2103
9037
967
8482
3070
728
99
9850
1905
4100
4999
9356
6816
9447
9339
9562
8198
5037
1071
8303
4431
2936
1442
2837
2063
6370
3548
9888
3018
6176
412
4061
7298
9630
64
6726
689
4468
5910
6251
4597
3321
7135
2038
5112
7198
9934
1371
7079
1040
9016
646
4342
5692
6353
7181
7685
1760
5866
1234
4068
6595
1004
3340
4500
8360
5854
4648
998
8270
1479
2048
9936
4893
8657
3354
3908
711
504
2710
2360
7427
8366
4276
641
5279
3997
6147
8393
8608
9100
9453
6538
1178
1003
6060
9060
3222
7528
4900
2529
2140
9302
2364
8142
8
7346
6058
9387
600
5573
7566
2593
8377
9401
4622
6257
4167
7922
8695
1085
3951
612
4808
7521
5544
1527
5472
2060
7567
4925
8347
8195
2343
3402
3413
7347
6763
2153
4182
9475
7960
5447
6913
6437
1105
2536
5222
969
2126
7719
751
4519
6019
6835
8866
8543
1079
4430
2607
7452
7052
9426
8733
6421
1777
6983
4062
2553
295
6095
632
6988
5804
6153
9392
361
5863
2997
2447
9975
9102
2427
3036
4153
5770
4951
2415
1662
1601
425
1731
5688
5489
9190
4044
6210
3724
9829
244
5913
6594
774
4829
8137
1346
1881
2181
1420
4589
2541
7355
338
7760
6302
5432
1157
8927
2675
1261
2874
2400
8351
2554
948
7518
7676
8924
6346
8048
3396
7584
9103
7549
6589
2165
693
4833
8338
5518
7331
3843
9388
3834
6517
2251
45
1448
6220
6281
278
6738
1629
1280
6345
3542
9668
9600
480
1673
4909
7809
879
1872
5420
9945
8305
2534
1378
2524
3449
4658
6879
9380
8603
7396
8922
4927
7372
7294
8370
3821
9573
7073
4134
4966
3298
7352
5612
931
8269
5495
6630
1069
6492
6896
9580
5787
5000
7511
7639
4126
3167
5723
7041
4554
6650
5330
5429
785
905
3508
3007
1458
7703
2817
5320
1380
925
8888
3667
5880
5216
8205
9893
4920
349
3265
3998
6649
9992
862
3258
8273
2685
5824
5996
539
681
710
7817
7648
3273
8534
4586
4136
8117
8344
5015
7876
7171
3658
8548
4995
4478
3847
1387
4352
983
1073
195
6203
6669
6514
2963
1251
336
4714
7672
6448
7430
5856
2579
2563
1879
8008
9013
5878
9756
9788
7799
519
5051
8720
7359
1521
8401
9022
2275
9006
9192
7738
8299
1282
2969
3767
6262
108
8974
3357
7037
4705
8799
7682
4984
6294
5049
214
6885
4209
8791
4375
6788
8917
115
6477
7411
9640
9772
9823
2316
7368
5604
8745
8781
1334
4374
4723
2989
3220
3135
6136
815
8416
286
7723
9591
4611
9398
6803
4314
137
431
3181
1596
4953
2102
8031
3603
9657
3406
1728
2586
4242
5137
1869
3622
3462
6559
1313
6522
8579
2792
4394
5490
5334
7481
7767
3777
1509
1645
2395
3916
2927
6937
6876
6424
7354
387
1535
9058
7542
8883
5752
9176
3630
2622
5134
3276
4125
1758
407
5098
2774
9047
5024
8237
489
9751
6827
5630
7893
7075
1619
9763
3833
4440
2399
6705
2850
8983
83
2872
4504
4497
7894
749
5908
5682
1964
6333
3568
4450
9575
4245
58
4421
9071
3338
9519
259
7777
6491
3256
4085
4660
694
508
443
3706
5700
3175
7104
2826
6204
5146
4224
5449
5197
8067
1089
951
3207
9402
7697
6434
644
4636
5186
5581
4518
1544
9428
8750
3871
1617
7636
7742
1751
4963
6691
7237
6295
6004
9518
3120
4642
1486
8731
1958
9440
3657
7210
6237
5125
2538
3769
4234
346
9658
105
2741
6874
640
3467
472
7905
5138
5890
2279
5058
4671
8726
3873
2704
7022
8458
4128
6540
746
945
8556
9577
1592
7497
5987
8018
1670
687
1793
9134
3240
2827
2906
5730
3875
3975
1785
2023
1836
8348
2955
3164
8415
9819
7459
4
4339
2847
167
6745
8691
8652
2974
9929
3000
3731
3078
5274
6412
8908
8084
1473
6205
9681
9976
980
9866
6724
5043
5554
3308
1990
3565
2669
1653
7586
5593
3558
3796
52
3118
6487
933
8192
1016
5758
6815
676
7381
8735
5367
414
7734
5707
5484
4952
9510
9403
3770
291
871
2365
1061
2209
7651
2557
922
433
7227
6765
9238
6188
2285
1624
4391
1386
1150
7133
9667
9271
9400
4257
5163
3086
7387
7378
1365
4073
4437
3216
725
2778
461
8063
5947
7013
2313
8224
1303
7675
9286
7313
4693
7917
3704
2206
6065
6323
702
1190
7587
6619
7217
7235
5586
3227
177
618
7813
239
7662
9205
1959
4906
986
7304
3171
9101
2648
3025
1761
9522
9278
3932
6986
6020
9118
1096
2410
2854
7438
9713
2197
5368
6891
4324
7976
7333
8322
6792
107
9954
2385
7314
4761
3362
6748
2122
196
9794
1116
6299
9332
2136
762
3422
9478
2430
3885
671
139
1036
9362
4426
6731
6422
3473
9025
3976
1889
4098
3458
8869
2457
6767
4957
8743
1035
2261
2469
2633
1955
6311
1172
1489
1631
2007
6030
7160
5855
5258
1648
7628
5684
2667
2868
9972
2556
8546
2734
9117
6750
2696
6125
3295
1121
8581
5121
7717
6996
5635
6278
1703
3604
8248
3830
2833
9847
6543
4685
2200
4235
75
5129
4744
205
2795
8250
3591
9337
1054
7780
9613
9877
3080
8689
82
5981
7771
1349
6663
3668
624
5075
7824
2356
559
9185
5889
7311
3517
3358
3191
3887
1841
9319
6581
5122
5936
4773
3179
4830
5204
5177
8460
8054
3960
5306
7064
4024
1430
410
6958
4220
2202
5029
960
1498
4758
8760
8128
3516
1552
342
575
1107
4359
5310
9338
4129
8355
7271
8807
5026
9300
2871
5701
5171
4160
5738
6181
3387
3285
5
5956
8356
1998
1608
9797
5362
4401
6429
4312
7750
1665
3883
6822
63
1506
3858
1138
8528
9590
1457
7550
3954
9409
5609
7351
4812
1272
28
4722
5505
4709
6252
1039
7100
987
547
6009
9732
4143
8559
470
1437
2592
4116
4816
9603
2323
2252
3601
3551
6007
9707
8443
7751
7386
592
1153
6386
8822
3236
4104
8656
9629
231
1316
4002
758
2547
7066
4557
3503
8793
8865
371
5401
7794
2067
2845
5850
8783
8045
2253
7083
2514
6077
5246
7862
2824
944
2705
8960
122
3595
2548
3578
1144
2838
5633
6025
1219
9801
4148
2644
513
270
2709
5214
3884
4023
5906
1491
5873
6516
5935
7191
4145
9593
6055
9503
3505
6766
3776
7535
6271
4546
5316
7068
2299
9898
990
9034
916
4103
2636
2375
8711
9158
5059
731
2473
1012
8242
7896
6170
19
3267
2192
7806
3961
1260
3995
5720
2077
9143
9216
8210
16
9599
439
1472
3496
6118
3214
4702
5560
3838
7625
2729
440
3052
3598
914
6320
8668
8873
5041
483
2495
881
5830
7043
3635
7538
7141
9792
6867
8116
8818
5311
4012
9762
5656
6759
5571
9138
9500
8102
5941
4817
3433
8774
3708
8752
8786
6859
5837
7641
1898
3795
4677
9496
5674
736
2683
5575
7250
9341
3867
8589
900
963
6383
7476
7869
5814
1810
5499
5629
8738
8174
5143
8923
460
1551
7129
2439
7300
6303
2335
3647
9527
1500
9235
8352
726
7276
8188
523
8100
553
5247
6133
4303
2533
684
8020
8899
7886
1353
2178
6233
8928
1987
1724
5668
6222
5136
959
9080
6950
2628
5766
1693
9930
7188
6010
5986
4863
3212
5660
5169
1461
6283
68
7106
8945
4832
9270
59
9209
8583
5725
9027
2090
7099
3823
2219
7997
7630
7637
8035
1022
8101
7846
8320
4520
3034
356
5963
86
5954
436
7769
7085
537
8304
9616
8114
9698
9663
2405
3215
9840
5603
8214
6372
326
3984
5601
6105
4338
3383
1275
5916
9408
3203
1331
7965
1025
1014
4923
577
8557
341
8124
9716
7789
4690
5493
8233
1111
2409
9994
3786
1570
3672
6328
765
8467
2490
213
5868
7291
8034
2017
835
2312
4697
2601
1482
5749
6354
1045
6416
9468
6892
4556
396
2681
5302
1511
9189
1139
7943
9984
9757
4117
5352
1744
8464
5967
2373
2182
382
1023
4577
6000
6488
6280
2701
6408
7711
4964
3279
7463
1820
1970
4379
9931
3027
2377
9813
3550
7883
8700
5902
2652
2810
7926
9081
9615
1634
9305
2434
6777
6573
6292
4233
1158
816
8749
7429
5027
2585
377
5781
4438
2620
5033
2318
9303
4016
3872
8217
9180
6453
1383
8166
9055
3816
934
3226
4652
5582
5584
8216
8900
3196
4625
7887
7562
6640
8835
7699
5340
7784
3774
5189
6923
1589
1749
3640
8149
1382
4211
2329
4742
1936
3526
5788
1268
4750
9029
5697
7499
8374
7768
8500
7388
5080
3081
6154
1131
2258
7690
6753
9202
432
4934
643
7761
8291
2787
1495
1306
9556
4216
6067
4041
4336
2520
5126
4590
2331
796
4059
4937
8902
8655
1301
299
9656
3952
6374
175
596
5438
3713
5451
2750
5729
5497
2613
9466
8586
6230
988
692
8450
7855
4822
6976
2783
2079
9923
709
2420
4641
8962
1395
7357
7512
4197
7192
7644
7000
9485
7078
5741
9223
5345
7741
1568
275
5610
8710
7349
8223
1177
5431
6344
1373
3753
6005
8384
2045
477
1683
9702
6367
814
7059
9046
7835
6782
5678
2779
6420
4191
6092
868
169
1403
3331
2605
9533
5338
253
9139
5894
878
129
9152
5348
5864
8843
8309
568
3999
4471
3969
9099
8167
3674
6078
303
6809
1698
5422
9822
6652
9879
2097
6179
207
5474
219
4875
4171
7140
609
775
6012
7673
1210
2595
3788
6052
1833
7627
1699
9718
7856
6907
3320
7955
9469
3353
3743
2687
4813
9508
9265
2766
3820
6026
7874
9726
3229
574
2944
2566
4720
8823
2290
7371
50
328
8732
4587
7629
2769
7447
6665
999
5907
4699
2998
2120
7701
6722
9768
8804
2678
9255
8671
828
2467
7964
3459
1686
897
9280
3587
1051
3654
8584
496
4848
7546
6409
9828
4476
3291
7638
4588
9201
5500
9874
6379
5220
3736
6919
4534
7569
1374
5526
5675
210
8723
6840
8419
5715
7146
2777
8011
2853
2423
8121
4279
7204
8701
849
7053
4811
3065
8982
4551
8598
1576
2870
6115
4488
3478
7987
1659
8441
1944
5985
1818
2051
4017
2501
4436
9194
8407
37
2047
7803
4630
4558
6145
1439
3757
9892
2477
8728
5547
3090
6260
6313
777
5198
6826
9782
1981
5503
4751
954
151
6141
2037
4318
6644
6363
9906
5192
9521
7170
9919
6804
7721
8545
8490
3264
8189
8010
9534
6502
1740
6134
7455
2298
1973
8550
825
1038
3344
5284
3534
8961
7356
7222
8112
1441
9010
7124
8444
1104
5899
325
8520
9940
4877
1478
6496
3492
7444
2934
3369
3915
7299
9258
8724
7947
3376
5598
149
4057
9130
6751
3645
9177
7353
3012
3384
9244
8424
6550
6597
8819
8530
5638
5591
2962
1681
1110
6001
3242
1748
8706
3019
8946
9306
6088
5358
8521
9907
7193
3703
7281
9884
1932
6658
9358
6688
5104
8717
4853
6569
3577
7861
2658
4661
87
4305
9119
9107
5434
4855
2411
3712
5611
5471
1211
5267
5427
8319
4404
6817
3906
6836
8371
3669
3421
170
2445
2708
1821
7471
3524
1094
6378
3556
9790
5686
3375
1406
2393
1834
5821
8547
8879
9431
827
3097
1638
4598
6795
419
2662
2338
5157
1792
6202
2421
5139
4345
2877
4457
4137
8354
7879
7049
3549
2900
5201
7520
7933
9499
3538
6940
4256
1671
9579
9908
8122
3596
1348
321
2776
9108
9299
3195
3404
9439
3464
3546
8772
6290
4854
3194
1745
7849
9965
4780
2530
302
2791
4228
2975
7996
7295
9729
9549
5426
9730
8604
5951
4932
730
9845
616
3325
8954
6994
9501
2151
1910
95
5578
8108
555
9548
9421
6334
1513
3840
7726
2438
6137
5044
1899
7825
4719
8468
956
3950
9516
6955
6852
1518
7941
9914
1075
5105
4954
4020
6003
2273
798
4353
2888
891
4581
5415
1848
7814
2546
6530
9116
4158
701
3277
3985
8794
8013
1247
993
3336
7670
9473
144
3793
3476
1424
5618
9122
5848
2084
3716
3911
5360
590
8617
6947
8947
4474
3206
506
7506
2
9221
3026
4266
3163
7042
7744
7434
8780
1274
691
6234
9245
1173
8631
9786
7776
4294
585
7990
4706
3177
9581
8553
7920
3426
3518
3888
8860
6439
833
716
6470
8554
9913
7792
2881
332
984
787
8531
6579
9960
795
3
3124
5628
4910
9639
2300
5128
2714
5236
7258
1270
7233
3314
7023
7154
7366
1765
7967
260
6684
8896
9287
2951
3659
853
7867
9956
5463
2014
3498
3987
4428
4770
6352
8394
9654
7324
5266
5792
9133
4794
6660
4610
1994
3856
7986
9889
4121
5677
7320
4806
5702
4175
4827
1559
9318
9686
6566
8582
6966
6941
5384
6174
9711
8241
7169
8051
1011
8180
8229
7028
5074
9997
6064
7645
9795
2250
8155
4798
100
6414
7548
2650
4564
221
7788
6300
6531
3067
1741
4255
3488
1047
1041
633
994
9050
3051
9294
6608
803
6469
5394
8231
398
7332
4818
885
6586
3330
9111
7030
3661
3280
3300
7202
6050
2706
7765
3360
7623
6254
9693
5498
8243
8397
4737
2070
8222
6
678
8378
8201
3290
4672
2257
6647
256
1623
1067
1516
9517
2171
6565
1971
2384
5583
3616
7483
8564
6404
4740
9585
6764
2744
4019
9783
8143
747
7288
4682
3434
6618
9323
2217
3754
5095
8568
941
5613
1864
7911
9282
3054
8335
6993
8965
395
9476
9631
7316
5763
874
2462
1757
8252
1009
8037
2852
6846
1302
4841
2968
2802
1314
8170
1704
1690
9921
6384
4275
4769
7201
6779
1696
4858
3781
6725
6308
6162
6772
2919
4164
8838
9416
5961
3252
3599
6284
5649
5391
1996
5094
5955
62
2455
8141
1978
1764
8414
4065
6527
7720
1863
654
4502
5465
4880
1678
8437
2391
8653
2092
1839
985
7093
518
1605
4839
7841
7705
2981
3447
8066
7571
1565
6337
7050
106
6839
4420
3401
7693
8659
9511
6314
8255
854
4106
5504
26
48
6935
2483
2137
6246
5012
620
2417
1317
1954
8755
8083
5148
608
4888
9330
807
647
8043
1484
3477
4271
583
2346
3574
5928
9415
4467
1132
8337
7702
2567
5556
8840
124
4788
8078
2815
526
6272
2671
1859
669
3687
6478
5905
1312
3926
7468
8440
8234
3333
241
8324
4626
4680
2422
3735
2069
7402
4637
8206
4479
8719
3323
4287
3852
7888
9156
388
8085
850
9824
6062
1065
2647
330
3613
7700
4409
4432
655
6577
93
904
9951
882
9582
1487
3083
8481
4460
225
156
220
7062
767
9295
5727
2930
2925
4308
8523
1577
864
9602
6614
8591
3148
2572
5203
5626
9419
5672
7828
4050
6165
6169
6732
70
2924
3826
5946
8884
4423
6401
9860
8673
3922
8094
4385
8925
9147
9086
254
2481
5412
1027
9787
8065
1390
1167
6368
8042
2493
6358
9018
7541
3450
2893
5009
6554
20
8046
5309
9904
5123
3293
9675
2259
1228
8230
5454
163
797
4711
3246
4089
1059
7798
8801
5365
1191
1501
5564
7362
4607
4809
2816
4360
3245
2138
3650
611
6018
9597
1852
9669
8640
6474
788
8372
8670
9005
9821
8341
9952
4381
8044
2145
2359
8466
484
6536
9140
7254
6574
24
4060
4997
1782
9460
1849
536
5841
3513
3099
2324
3029
6824
4547
9204
3262
7755
7435
4560
6774
8147
7959
1408
7007
1772
2892
8975
3016
4277
9106
2112
7656
4382
6039
8380
9090
6714
8955
7953
2159
5853
4337
5072
3437
8353
9611
7001
4594
6930
7875
2340
4629
3230
4955
5924
6616
2695
9987
5769
6555
2820
3341
8430
4373
8622
4575
1419
9926
2618
1464
5641
638
5636
5661
4532
8768
5161
1226
1655
2653
4778
2000
9513
9393
6926
9167
3109
5182
939
6933
5689
6130
1092
6392
9800
4045
9495
831
9754
3709
4289
7919
7470
5510
6829
4804
8951
2353
4725
5052
5147
8497
3989
1326
3250
8600
4475
2502
365
5061
1885
2352
4528
4553
2818
145
9570
3061
2932
5811
1827
3980
3337
5574
2884
602
2732
1413
4086
1241
5118
8404
5019
8492
5476
1778
1467
4284
2604
717
5286
8871
1685
7619
2193
2367
7122
1874
5509
3844
8336
6787
7671
9791
5408
8685
7045
9269
7277
560
3846
1825
84
5731
5858
817
5435
6316
5551
9771
1537
1870
4573
2281
1812
7431
2018
9998
2413
6112
7496
8820
7608
2859
6046
9241
9218
3115
5339
2568
9555
8435
5502
4259
2621
4412
3631
5282
7735
5496
6783
3946
2719
5652
4676
3681
9267
9364
8895
1347
535
719
3346
1588
7308
3831
5691
5212
3438
7613
8074
5914
2061
318
1438
4494
2984
9328
8207
1711
8853
4429
7003
3652
1695
6727
2929
3274
1798
3283
6593
4656
8421
8007
9462
9198
3588
6627
1505
8526
8870
6863
6195
4799
5263
8901
307
5102
1813
7015
2320
4791
7650
7759
9968
4785
8504
2348
9151
8897
4344
4990
7364
3965
3302
8177
2468
5276
2302
6357
5229
9769
2950
6276
6148
5101
2522
1476
9779
3102
754
9272
1817
1644
8485
218
6123
1553
3520
2715
423
8163
4582
7413
4480
8911
5541
2627
1995
9461
1710
9292
3014
7537
8765
902
3456
5983
9290
2327
1721
6287
1082
9706
7618
7002
5666
176
1407
8549
3764
6855
6447
9497
9264
5632
1523
4260
2065
3368
3286
5292
1218
1888
6984
3101
9169
6668
5740
7112
8312
183
8365
4712
5923
5087
8938
7526
199
9608
9494
524
7465
5318
5278
8683
7077
8200
1223
1794
4486
789
5690
7572
8383
5457
3927
2080
3571
7454
3313
3056
2116
7167
928
6560
8103
5298
8399
2049
9646
3637
3057
4962
7904
7296
2012
6177
109
5217
7091
764
527
2943
7021
4686
3311
9352
9709
7448
1937
7847
3121
1986
7932
9844
6364
1753
1431
8933
8862
1030
6476
2406
2983
8318
1948
9450
4759
1123
7005
6654
1773
6490
848
7851
7111
2436
6321
1338
7870
1942
3075
9230
5097
8432
7115
875
258
3552
961
5343
2727
1853
942
5417
2645
7708
4525
804
434
1474
3391
7290
2269
8314
8061
4099
4881
2513
7554
2160
2093
3720
7262
4132
6044
2608
7143
7954
1907
6329
9355
3973
7060
4840
801
5440
5305
403
4330
4322
4434
284
6397
5768
5103
2088
322
6161
2565
7674
4109
4317
570
4093
5614
6917
3155
3489
2382
1604
6282
2517
7408
478
3094
8741
5252
327
7583
5403
8831
2366
4180
6771
4619
2119
5170
5152
1992
2303
8456
367
4040
8980
7095
3114
3431
1961
5478
7377
9504
3461
1445
2099
7
4078
6341
8199
8417
4124
3485
2867
2798
2928
2083
2748
3394
673
136
5805
6073
2631
5726
953
1267
8704
7890
1206
1897
6735
3935
2616
2752
1284
5172
903
13
9671
6307
4247
7247
5231
331
6834
7415
3028
3511
1542
4118
1868
1877
6296
2570
8426
8127
8802
9741
1857
2127
6501
3139
3403
923
707
389
503
1892
4267
4333
3457
3098
911
92
3707
9239
7514
9384
4009
566
3033
558
8152
7213
5458
5959
5392
7971
394
8851
4077
2875
1883
8828
4107
4491
4133
3074
6076
7563
4384
5826
7763
6741
7360
7131
2388
4321
3851
9141
1278
3789
7994
2551
6547
1443
7466
9851
3854
4163
4465
8890
4272
2180
9021
2132
1918
216
1333
9063
3723
6982
4349
1886
4427
1436
147
1972
5791
4979
4472
7706
1843
8841
7525
1294
308
2437
3154
9596
5202
4354
9878
3186
3125
5219
8293
8699
4417
8212
6196
4499
7914
531
2274
7151
351
3972
9530
5294
2339
5295
8446
1490
8111
6992
4982
5780
2958
3117
9561
8892
3116
5803
6206
7421
500
1336
2844
3158
2349
2336
837
1706
4624
3898
2905
1236
3741
2213
8130
5616
2317
5290
3576
7895
9171
1613
3430
7633
3746
6843
2682
6500
8238
7149
8715
5034
3848
634
9240
4190
6894
2721
6461
642
8129
8914
9067
4605
4956
7925
1997
2214
9541
3079
3151
4146
1187
5331
12
7044
9953
271
3021
8077
8038
3868
2216
9288
1480
2055
8271
3030
2225
5724
7479
9123
580
5943
5303
737
180
2347
1179
2486
2913
6570
4649
2459
9231
2767
7307
4510
2535
297
140
2224
7070
2686
1032
7978
4651
1808
9353
4918
323
6697
4609
8334
4439
2626
4775
4369
32
7074
5047
402
5539
3136
6298
3486
3392
2164
4506
2911
5651
6229
3040
5645
9266
9446
8676
5882
7937
7957
4645
7404
5390
662
2341
4063
7423
8596
9899
8387
7844
112
2242
9112
3451
8932
3270
974
4789
841
4225
734
2600
5119
5193
5307
7749
4730
5381
5416
3673
7842
71
970
3651
8232
5681
3088
4269
6897
7804
9764
3170
2670
61
6458
2282
250
3586
4831
2071
4032
8950
2970
5667
6066
3420
2449
2985
8722
3643
7493
5245
3570
2263
3479
8898
7993
9486
430
8328
7868
34
7361
8487
5335
1485
1006
9070
9683
7458
1481
3389
4947
1021
6534
8508
7695
4902
1148
5053
3281
2342
1573
8610
6921
5834
8803
6971
4049
4930
9397
2828
3842
589
9168
9456
6564
6617
1161
4874
6356
357
8713
6525
8641
2603
8204
7797
4364
154
4195
9703
9883
3819
7830
8566
2305
1815
7019
4161
5808
3983
5158
1654
8246
670
4340
3084
127
2898
4453
7858
5670
937
2322
5256
2804
2289
1007
5957
7234
3945
2784
7736
9925
4188
379
6609
1068
8047
1755
3857
6790
2873
3607
4210
8532
9560
2480
3466
8681
4684
5585
1248
1700
6350
6198
9429
1702
2464
3920
3837
6520
8747
601
103
6297
1547
8009
4576
9285
1805
6240
1151
487
9666
2672
9211
1684
7121
311
7832
1675
4974
2143
4464
1049
1967
1396
2158
2615
6906
3772
8140
3002
7811
800
2532
1579
1633
9242
7440
8621
2561
3347
6056
4295
2066
7280
621
7340
261
1966
3003
8153
6457
46
450
3423
786
1304
6636
2332
4578
2396
8778
4036
3641
6227
9804
1152
8858
3988
3510
3066
5445
2095
7175
9011
7389
6101
6021
5714
5165
3806
1738
5179
6014
5046
6945
4477
9229
9445
3087
4227
313
805
3853
9142
7274
8810
7915
5734
3133
8148
8002
9720
4229
4866
6908
4620
1453
4285
3063
9061
2512
907
839
2098
4670
6124
2260
1398
1269
791
2033
4105
2446
203
2575
1904
5548
2612
8863
5254
6394
9064
3334
9837
7165
4004
2148
5851
7214
4948
7515
9842
2789
3590
3697
7781
2831
4757
8107
635
375
9477
8225
4498
8934
8912
1557
8616
2005
268
9638
7923
7815
9479
8059
8595
5142
6443
8770
9699
5264
1756
3760
2698
428
8766
2184
9966
9986
1425
7420
6965
8515
2163
8906
9641
7176
8004
8994
1295
8613
7491
5846
3937
9996
9396
6371
4933
9184
588
9848
2125
3095
3589
2821
5736
6417
836
9076
2864
8978
7086
7575
9674
6192
6518
6808
1488
813
6467
5637
6523
7428
5753
8969
1581
4917
498
2935
6211
4316
2154
3440
4306
141
554
8751
4112
8039
7837
7155
3332
3096
5829
7301
5719
2201
1977
5931
4896
8920
150
958
5886
1830
2858
561
7376
9540
2915
9390
5466
3142
5469
9044
1363
8956
5590
4724
6661
7162
5921
2311
8940
7659
5006
3715
917
7829
1651
3899
3698
9528
9825
8575
8109
6288
7063
5703
179
6749
9033
1723
4987
4681
4484
9363
4536
9374
7899
3342
368
6391
3176
6791
2226
3412
7406
8310
844
7057
957
2979
7487
6882
9376
7916
1643
9334
8697
2634
4286
5291
9735
5999
4291
7150
5732
2914
1549
4350
1692
9635
9594
8847
8264
4752
4824
2649
7232
5268
8798
8651
7011
3621
5372
4445
5355
6548
5648
593
9836
6521
1319
1529
3939
3727
9642
8410
9220
3904
3296
4402
8784
5385
1561
2805
6974
9946
5751
9097
8796
5789
3626
8193
1517
3294
5845
8190
78
2030
4666
8040
852
6702
4960
8943
5579
2208
8442
4731
8064
1788
6610
4861
995
2625
5301
6086
9651
4592
3817
1729
5492
5546
9670
3894
9714
3248
4845
4029
6786
6796
3918
5915
7380
8033
1767
6481
9370
1541
9490
3633
77
7203
5455
9254
4796
1435
4760
1033
2735
8867
772
1718
8936
7273
1752
6180
7330
7116
3309
4787
1249
1166
6407
9938
6033
756
5832
7128
497
6418
5888
462
1875
6733
8834
47
2277
9425
2889
234
8498
9350
7775
9873
7995
4443
8057
664
9200
896
5287
5405
625
8471
4398
703
2179
3239
2371
5671
6769
4172
1672
8614
7838
4968
6515
39
9571
2186
380
3188
3653
7952
3484
759
5226
7480
5520
6085
8518
6542
2218
7239
4869
6898
7186
6190
6556
8792
3249
3093
5835
9246
1237
1985
5175
8721
6622
5553
5045
3023
976
8985
3474
1109
9584
3986
5971
9831
4222
6828
9275
5653
2901
5115
1231
7127
5859
7014
2679
372
552
3076
6884
8276
2428
8510
3480
9329
1647
1795
43
6963
6914
3957
8134
3210
6074
5099
4313
401
4790
7305
4442
2478
7040
4704
7409
1266
7190
9812
4221
3512
2325
8832
6497
7322
6585
2555
9743
4627
2475
41
9009
6495
883
9592
101
8428
9196
1595
6503
5640
2703
5349
3292
6217
7617
679
4921
1291
4200
5237
8537
2304
7270
5153
2765
9826
1171
2573
344
6943
8836
7731
6611
2086
8680
5014
304
3676
8773
7709
2407
4639
4767
4584
4678
924
5887
5379
2724
6006
9045
9480
5825
541
1368
1567
1208
1010
9369
9558
5508
9383
9394
7240
8885
2926
9253
1060
7158
1055
4856
5371
1814
9684
5441
6441
3575
748
7230
3934
4944
3725
345
7325
1026
6889
2294
3807
4186
301
7220
8411
5114
5530
5521
8055
4072
4278
3689
5057
5962
3784
1926
5180
160
2908
6698
8573
1887
7556
7326
1147
3140
5111
1050
3768
2749
5896
4865
8445
5347
4568
4721
370
8511
4998
9839
3463
262
164
8973
7892
9808
1465
4315
551
8075
2762
1783
4326
56
9835
1264
7687
9276
6939
6675
5461
7826
8859
3605
8971
1797
3045
1854
1799
9838
6338
9620
5281
3053
1463
1125
3813
4542
989
2511
4870
3069
3794
7857
1722
9694
2011
1427
2199
6931
3860
6979
2899
9644
1819
65
339
8087
5369
1163
5323
7107
8088
2999
4857
2876
9678
1344
5807
6482
6651
2288
1642
373
9807
9912
5958
4452
1828
1649
5536
7989
7226
7269
5602
6040
2046
6646
67
5242
3949
3141
9857
4192
4001
7264
4640
7614
7962
7302
3910
238
7185
4120
9856
3156
7412
1979
7805
2770
6405
3901
2656
3204
8995
4131
2638
2500
9357
5160
7418
3758
1591
2803
2074
4836
6883
4119
4569
7560
6361
1583
7773
224
1352
5008
5113
9074
4232
8079
1632
2465
7249
2009
8462
5089
3564
7836
1399
8626
4371
1434
3566
2076
6798
9512
2907
3711
3670
3349
2977
9373
2659
6549
6578
7055
4157
5313
9131
1747
8629
8551
7729
1254
1364
1599
8278
6582
9228
7445
3015
111
9232
4524
9918
5400
3963
9632
2655
2078
7831
3567
5110
2284
4821
7950
9569
7223
2170
6600
932
3092
7823
4548
6708
8261
3800
3876
8872
1867
1727
1200
3763
3499
2531
8164
3035
3495
3352
8388
1625
1114
7615
69
6427
1342
819
2255
8459
113
1560
2129
598
8611
9886
6465
2515
4362
415
7029
9307
4081
1259
6413
4293
1074
9623
8315
4399
9961
2052
2040
4595
4703
4319
915
8479
2894
5028
8447
5507
4675
1921
9203
5357
4198
2188
1081
3443
40
7961
7024
1709
7279
8431
3929
1320
2254
475
1193
8512
1950
5120
4689
8003
2668
21
7929
2013
9759
8839
2796
2754
1188
1914
5917
3903
7748
6247
6802
3572
7944
2028
8068
2521
2301
6924
5988
2606
8981
5106
4729
7529
2700
2484
9565
7762
4884
5078
5650
4868
7595
6480
9444
6432
4567
7089
697
7991
7689
1440
7492
8524
9588
8763
5685
8115
6680
741
417
125
6682
6956
2937
9078
1469
9655
3397
7390
8290
8306
6499
840
3978
9509
6687
3305
779
1126
1494
9342
1355
723
8496
438
8677
2286
165
4274
465
2191
362
8740
5011
3682
7545
8452
7667
6716
3700
359
7484
4970
4924
116
4513
8996
4298
6395
8618
2314
1416
2518
5090
4007
1597
5643
2458
8345
3737
7791
2450
6613
3728
3803
7696
9705
4390
6784
2738
7881
5488
5623
7292
603
54
8398
8727
8541
3217
4447
1975
5860
847
1209
6524
926
7517
9191
8571
7238
4847
9368
7442
6942
7087
3900
4253
5410
6150
4405
2044
6743
6678
8725
5793
4387
1411
8756
5397
399
8952
3624
2379
7928
9736
4263
1705
2321
2330
6870
5716
8093
8294
267
4585
9894
7196
3377
4600
2368
2010
8966
7437
6460
3802
4800
9277
2560
6291
7593
5831
3859
8833
8569
4878
8021
1776
2334
715
5100
3198
7209
9760
2849
235
392
7245
8313
4236
3938
5377
2358
7664
8855
5993
6068
6166
5634
1600
4095
4334
1402
7552
209
4141
752
599
6107
6122
6929
7854
7604
3993
2895
8542
9799
4053
5337
1196
2745
4886
4202
7329
3200
4793
9995
5002
455
4701
8529
4411
5664
3874
9259
1322
8649
317
3625
5314
3569
6037
5333
1531
5776
4688
597
2808
4495
2345
1650
6072
658
3471
3956
1285
8049
5393
5055
8325
2426
7509
2057
855
9697
3085
9719
9325
6781
6671
8984
1345
6991
2635
4852
4533
9753
173
2665
8470
5920
5654
7261
2825
4138
3531
3881
2582
8249
5346
2862
2210
766
9685
2722
4864
7853
9095
2008
7977
7126
4826
5056
4459
9734
8620
7782
5893
4765
2855
7173
2162
7219
3024
806
7174
9159
6989
2229
8486
6850
9988
4013
6431
1770
8123
479
4080
3408
1113
6187
3395
1713
9136
1376
1422
9109
4986
1020
5039
447
7774
4451
5964
9236
5561
8069
5950
1578
2503
7631
8136
7543
495
2241
2660
1182
2247
3994
5698
2993
3905
698
5079
7032
4463
6785
5625
532
7144
4674
745
6016
7183
1953
858
5144
2056
3948
7422
6305
6744
1257
4521
6489
7643
2248
7425
2549
5067
3522
3041
449
2408
1013
2509
9435
699
7098
4021
1571
5884
1468
7601
522
6274
8852
4919
335
7395
7889
6868
4754
865
6041
1707
9891
3683
1118
7339
9320
4647
6463
9092
3225
4304
2461
2026
2578
3011
7599
918
6541
102
8665
8025
2150
7843
7211
6117
6752
2953
2577
6793
1682
1128
2487
9019
8052
6242
9551
606
1451
6468
8359
7691
1658
5341
6508
8716
3104
5775
2564
4593
663
7992
7180
6100
9622
7558
5399
2782
4154
9321
5897
2879
7988
7908
1385
6909
5843
9024
9053
920
9695
6216
7179
8712
2760
7603
1002
3891
8729
8280
7733
7622
8302
9163
9747
8634
9411
1933
3208
4650
6079
6952
3490
1791
4653
4771
4526
1922
1807
4199
9150
4523
857
3835
9335
6553
9661
8070
5871
6823
3933
1743
7397
9208
6961
171
1309
9811
3145
3327
3832
3925
7400
5351
4883
273
4522
9414
4929
584
1582
2111
5799
757
2737
6340
2452
5592
3580
4784
2424
5984
2380
9441
4976
366
5820
2021
6475
7938
895
9360
9137
9971
3444
7157
6200
8298
6377
9982
9529
5891
1184
6063
6498
5693
4332
9776
4251
3304
7092
3247
8389
1170
6960
5402
5806
9075
442
9474
9083
6104
9626
4037
6129
6659
5617
927
7373
955
269
7473
6119
3299
7206
5875
6720
9950
9193
6343
4226
467
8561
4022
4596
6332
1265
3579
2890
9012
9322
4949
1940
7212
4834
6887
8509
5462
2272
4942
4698
8536
740
5038
6360
3257
5522
329
5970
3020
9386
300
3836
680
1512
2337
4696
4943
2131
190
7577
6998
8096
5823
186
3869
1046
3966
6760
3944
3428
8744
3766
892
7743
5517
1062
533
5218
482
4079
6686
5759
4034
2113
2265
3328
1160
9650
2730
2673
6241
9746
4736
2718
2961
4000
8228
4410
161
1290
3138
8876
4487
1554
910
97
6013
573
6831
6681
770
668
9537
9020
7498
9129
763
2629
1824
4033
9008
6847
1988
1053
3112
355
4591
9146
492
1136
6138
604
3979
877
6807
6440
7677
1816
6224
1804
8412
5162
9105
3037
5624
2677
9014
312
6667
283
516
5155
9604
1001
3371
7793
8797
7963
4102
7666
1947
607
6871
5275
7164
8279
6387
2081
8301
6045
9506
653
921
595
2869
5184
7555
9062
3182
5655
1455
8628
4193
8369
9072
1742
3345
1432
9802
1183
8449
3315
5706
6601
645
3649
5772
3573
5833
4566
8186
9427
6545
7632
143
5396
9810
6126
8202
1239
9284
4940
5817
8213
7139
6035
3082
7946
3367
6310
8864
130
7502
9454
1168
9744
9554
2315
1134
4473
3232
7770
1145
1688
5577
8806
4862
6385
935
9731
6450
3710
7848
8072
27
3634
4807
4038
1337
1369
9969
5912
5007
5735
2105
9077
677
7184
5332
8292
8837
8017
5414
3319
9489
637
5557
1415
9624
6238
5453
5559
1078
2680
3958
3481
2689
8184
5514
1052
5989
6248
8032
2992
3013
6218
8119
8263
8588
1080
5109
9036
7561
9399
8678
8785
6213
6604
6801
2492
930
4570
153
5124
6878
7626
201
9438
6319
1524
9900
6920
7385
4885
1664
8609
2841
2931
3775
7221
25
1156
9488
3822
3059
4673
502
9680
6116
946
2949
9789
8558
2183
6717
1394
2594
3699
5300
6837
5550
2829
2443
4825
7348
5005
6830
8645
8812
5679
7790
2947
6789
992
4166
4748
5259
6620
8321
7544
8086
1750
6505
5073
2786
7051
1296
5251
9652
6820
79
2801
2954
3493
6355
1894
9917
7382
429
2075
5952
1340
471
7942
7607
8990
1661
7426
9222
2812
545
3143
8648
6529
2637
6038
2146
8667
3193
1801
2264
9911
3532
4535
3077
6051
4052
2239
4928
1520
6273
4246
571
7503
4097
1806
5140
8427
9389
2374
3316
6403
9126
468
9407
6639
6588
5077
3750
53
191
5485
7255
9715
4512
7419
3742
8392
9326
3791
1245
5483
6645
9853
3301
579
7951
494
7369
1503
6425
172
8849
3893
4978
7231
230
9127
2256
7323
3348
8903
8028
6184
846
5849
5529
3507
1392
1233
9625
2444
9210
1826
2642
9766
1590
5430
6713
6832
3629
4149
3539
8469
823
8277
9073
1098
8612
7137
4851
3554
385
9872
4555
2736
7318
5506
5255
3031
9704
3811
9578
7596
91
8829
2775
4051
9928
6851
9765
5782
5240
6862
9406
724
6693
3861
5512
6692
6225
7436
9679
9983
5048
6336
5785
4786
9689
9610
1279
8769
9727
8029
6842
4931
6676
1575
8771
4441
4772
1856
4301
9605
8176
3497
3912
2176
9780
1564
1129
8118
7600
1715
9523
1928
5721
3472
9170
4638
9902
8692
2085
3583
8395
8006
3350
7505
8317
3523
7229
9944
7251
6973
7898
7424
411
194
486
4935
390
8505
672
9487
452
7865
4842
2836
1515
76
5366
1628
5424
9084
1315
9589
5994
9532
576
8514
8364
6214
1965
2811
1759
7680
4977
7200
381
2454
7930
2598
4408
4184
2763
5308
4633
5535
7570
876
7031
7205
4205
6587
1993
2221
6990
2032
2369
5838
8850
3261
9724
2823
5534
3001
1381
8625
2842
1976
7936
7533
2494
4111
5021
5930
5364
4372
5081
131
8939
8258
5234
760
7956
8682
1641
6309
8227
5262
3110
7336
7082
3004
7642
973
182
5542
1574
7810
2238
9628
6452
4501
157
4358
9483
5565
1618
5975
6629
6746
6707
6143
9712
305
7812
6519
7713
3636
9219
2580
7663
6228
9007
7522
8285
4083
8218
4669
4383
8473
2194
2390
5470
5319
133
5473
1871
158
4168
5481
6366
2666
4989
1393
5326
1593
1847
8688
2448
3381
8868
8329
4241
5271
3537
9263
7335
6877
1906
6235
6400
2389
7152
6057
9660
9132
3329
9491
9301
7416
6043
9237
6602
3233
3638
628
6348
9051
3909
9708
3541
6317
408
4043
3921
9935
1220
6537
2297
9957
3306
6398
7242
1017
4307
9437
3129
2207
7283
7819
8423
8138
549
8267
9424
6351
9752
1297
7225
4424
9803
369
6902
5221
2504
2978
4011
880
6108
4469
5395
8368
1946
996
1327
5750
9148
7394
4283
9748
8095
2559
4662
9017
7399
6778
6539
3964
5439
2245
36
1539
2851
4994
2693
9298
1325
3877
7410
6821
5580
215
1594
7065
3519
2505
4828
7306
7417
8809
6069
9846
675
700
4455
8381
4571
2510
7374
1640
1215
1924
2278
943
4325
3648
4663
9359
5200
7407
1790
8623
8272
5525
5777
3419
8179